interpolation/demsqian.txt
ncols         648
nrows         614
xllcorner     546418.0598
yllcorner     3077459.5144
cellsize      30
NODATA_value  -9999
[rows 451 to 491 of 614, columns 465 to 557 of 648]
720 725 721 716 722 733 742 759 772 780 783 793 794 783 785 794 803 805 809 821 832 856 877 894 917 935 929 954 963 978 1009 1023 1039 1054 1078 1094 1118 1113 1102 1093 1098 1104 1115 1135 1146 1156 1157 1163 1164 1164 1167 1167 1162 1161 1161 1171 1190 1200 1223 1234 1243 1268 1288 1302 1310 1328 1338 1343 1333 1321 1306 1288 1271 1257 1254 1251 1252 1258 1260 1238 1211 1195 1199 1211 1223 1233 1243 1268 1285 1294 1299 1295 1280
711 720 721 712 716 726 731 740 747 754 781 791 790 788 793 801 800 802 810 822 835 866 895 911 932 949 954 966 982 1001 1025 1035 1048 1078 1097 1113 1125 1120 1109 1109 1106 1117 1128 1143 1157 1162 1173 1182 1187 1191 1199 1199 1183 1177 1176 1190 1198 1221 1255 1256 1273 1293 1303 1309 1322 1346 1356 1354 1341 1325 1310 1300 1281 1272 1269 1268 1275 1280 1277 1260 1237 1215 1213 1221 1234 1247 1258 1274 1285 1304 1309 1306 1298
701 709 710 707 705 710 727 730 734 736 754 776 786 786 788 794 799 802 810 829 841 880 905 929 948 961 986 981 991 1013 1038 1046 1069 1095 1119 1137 1137 1130 1122 1117 1121 1136 1144 1157 1164 1167 1180 1188 1195 1201 1207 1213 1217 1210 1205 1204 1216 1253 1265 1287 1300 1308 1311 1318 1334 1354 1365 1361 1350 1340 1321 1307 1291 1286 1283 1287 1298 1297 1295 1276 1259 1237 1233 1236 1252 1262 1275 1279 1294 1315 1323 1328 1319
689 694 694 697 702 697 712 724 729 724 728 751 760 760 775 789 793 805 821 841 866 897 923 945 959 978 989 998 1009 1044 1056 1062 1083 1107 1130 1144 1148 1158 1154 1148 1149 1165 1172 1184 1182 1182 1187 1192 1203 1214 1216 1220 1225 1227 1231 1237 1248 1266 1278 1298 1309 1312 1311 1321 1336 1357 1366 1374 1360 1348 1340 1309 1301 1300 1302 1308 1314 1314 1308 1292 1274 1256 1245 1254 1271 1283 1289 1288 1306 1322 1332 1347 1339
675 677 682 689 691 695 701 711 718 718 721 734 750 758 766 783 800 816 834 851 878 913 931 947 960 988 998 1018 1051 1063 1068 1081 1108 1135 1143 1157 1169 1182 1186 1193 1185 1183 1194 1197 1191 1191 1197 1204 1213 1223 1235 1239 1241 1244 1246 1246 1257 1275 1291 1307 1314 1316 1316 1323 1334 1353 1369 1376 1373 1354 1347 1320 1317 1319 1323 1327 1331 1334 1324 1307 1292 1274 1265 1270 1282 1290 1300 1302 1317 1323 1342 1358 1358
671 676 679 685 691 697 701 703 710 713 728 728 745 757 767 781 811 833 848 864 881 909 937 952 971 994 1020 1047 1061 1070 1081 1096 1122 1150 1166 1175 1184 1200 1197 1211 1207 1207 1203 1204 1205 1203 1211 1215 1224 1241 1254 1257 1261 1260 1257 1258 1270 1289 1309 1310 1317 1325 1332 1337 1347 1360 1367 1373 1380 1367 1344 1332 1331 1335 1339 1345 1346 1345 1338 1323 1308 1293 1282 1280 1286 1301 1317 1324 1331 1339 1360 1373 1374
675 682 684 690 691 697 702 703 704 718 731 736 751 763 774 794 814 836 845 860 882 906 932 949 972 1000 1024 1052 1064 1073 1086 1099 1135 1163 1167 1184 1196 1207 1222 1232 1247 1247 1240 1223 1225 1230 1233 1226 1234 1256 1263 1273 1279 1281 1281 1279 1291 1308 1316 1318 1336 1361 1360 1357 1363 1367 1371 1383 1388 1377 1352 1341 1337 1343 1352 1359 1365 1356 1349 1335 1324 1311 1297 1292 1295 1315 1334 1347 1354 1365 1390 1389 1387
691 693 690 688 694 703 712 717 717 718 728 747 762 768 779 792 809 827 843 856 883 901 919 939 973 1008 1023 1045 1062 1079 1086 1086 1130 1161 1178 1189 1203 1224 1243 1250 1259 1254 1249 1251 1249 1251 1257 1253 1255 1260 1267 1279 1292 1297 1305 1311 1320 1330 1332 1343 1364 1379 1385 1382 1377 1381 1384 1386 1390 1390 1362 1352 1351 1357 1365 1376 1380 1370 1349 1341 1333 1320 1311 1301 1310 1331 1346 1368 1374 1386 1403 1398 1393
694 700 707 704 701 711 721 721 727 725 736 752 764 768 780 792 807 825 844 868 886 901 914 939 976 998 1027 1034 1053 1071 1079 1096 1136 1161 1174 1203 1229 1241 1266 1270 1271 1263 1257 1265 1271 1268 1272 1265 1259 1260 1275 1295 1317 1317 1325 1329 1332 1349 1350 1367 1382 1395 1408 1405 1400 1395 1393 1390 1390 1387 1382 1359 1364 1375 1392 1402 1386 1376 1359 1344 1339 1328 1330 1321 1323 1345 1362 1373 1381 1399 1413 1407 1399
701 706 715 711 711 720 723 735 730 728 741 748 757 770 782 792 809 825 846 869 887 894 903 931 955 984 1006 1026 1039 1052 1089 1116 1138 1165 1186 1204 1235 1265 1272 1277 1281 1278 1276 1288 1294 1287 1287 1286 1283 1286 1297 1314 1318 1321 1335 1338 1344 1352 1360 1385 1401 1417 1421 1424 1420 1414 1397 1388 1387 1392 1391 1393 1400 1404 1409 1411 1406 1389 1369 1355 1348 1340 1336 1336 1345 1361 1370 1375 1386 1415 1421 1419 1405
705 711 718 716 715 721 729 736 737 739 745 746 749 764 777 785 804 820 842 865 875 885 898 922 937 958 988 1014 1034 1054 1080 1111 1145 1179 1204 1223 1248 1270 1280 1289 1293 1300 1302 1305 1311 1309 1333 1340 1339 1337 1326 1332 1336 1339 1342 1347 1353 1353 1381 1398 1419 1429 1442 1447 1442 1429 1418 1399 1397 1401 1405 1411 1414 1419 1424 1422 1410 1400 1382 1370 1356 1352 1349 1351 1360 1378 1388 1389 1408 1415 1419 1418 1412
707 715 721 719 713 722 733 742 748 748 750 748 752 767 774 787 803 809 829 849 864 876 893 912 928 945 976 1011 1031 1055 1087 1116 1152 1181 1210 1245 1258 1281 1291 1297 1307 1313 1317 1326 1331 1340 1362 1364 1365 1351 1354 1357 1354 1353 1352 1352 1359 1373 1400 1411 1428 1440 1464 1463 1458 1449 1432 1423 1412 1411 1416 1428 1434 1441 1438 1431 1421 1414 1401 1384 1371 1368 1366 1368 1376 1399 1415 1418 1421 1424 1422 1422 1412
713 712 708 717 722 727 743 749 752 754 757 760 766 771 785 795 803 811 821 836 851 869 889 912 932 947 972 1004 1030 1049 1075 1115 1155 1185 1215 1243 1275 1287 1295 1313 1321 1328 1331 1337 1353 1362 1363 1372 1367 1367 1389 1385 1374 1360 1354 1364 1384 1400 1410 1428 1441 1456 1461 1474 1476 1479 1464 1428 1428 1432 1435 1443 1447 1456 1456 1447 1439 1424 1411 1402 1396 1383 1385 1389 1403 1428 1442 1443 1439 1438 1424 1422 1411
709 702 704 714 720 729 747 757 767 772 772 795 791 789 799 807 815 820 825 830 846 874 885 905 927 947 967 994 1024 1046 1078 1121 1160 1190 1215 1249 1274 1285 1313 1323 1336 1341 1344 1356 1375 1383 1391 1399 1392 1394 1405 1407 1401 1389 1393 1404 1415 1424 1430 1435 1456 1464 1472 1497 1492 1490 1486 1460 1438 1435 1453 1458 1453 1457 1458 1455 1451 1433 1420 1411 1404 1407 1404 1411 1424 1442 1450 1445 1453 1452 1436 1429 1424
711 700 706 710 715 730 744 761 775 782 795 802 816 838 826 824 827 828 830 838 857 882 884 900 925 948 967 988 1019 1055 1091 1130 1162 1199 1239 1262 1269 1280 1323 1338 1345 1368 1367 1372 1399 1412 1406 1408 1404 1398 1408 1420 1424 1423 1430 1433 1436 1445 1448 1460 1475 1480 1494 1499 1503 1499 1497 1488 1479 1475 1481 1483 1469 1465 1463 1460 1451 1445 1431 1430 1431 1431 1429 1435 1445 1458 1468 1460 1462 1464 1456 1442 1429
717 705 709 714 714 726 746 763 778 791 803 822 841 852 846 843 841 843 840 848 872 883 896 905 936 965 979 994 1024 1067 1101 1140 1168 1201 1246 1260 1261 1294 1325 1346 1365 1379 1384 1400 1422 1426 1422 1427 1419 1425 1436 1434 1439 1442 1452 1459 1460 1466 1469 1481 1495 1507 1511 1525 1519 1513 1501 1496 1501 1502 1504 1510 1502 1475 1462 1460 1465 1454 1451 1445 1440 1438 1461 1455 1462 1471 1471 1471 1475 1481 1473 1456 1444
729 717 709 716 723 738 747 768 776 793 816 835 852 855 861 878 883 859 861 860 869 879 895 914 942 967 986 1010 1046 1081 1109 1145 1168 1199 1237 1253 1271 1304 1325 1344 1368 1384 1398 1421 1439 1438 1439 1442 1454 1456 1462 1469 1469 1470 1475 1484 1484 1485 1489 1500 1515 1533 1543 1552 1545 1531 1522 1514 1515 1520 1525 1528 1512 1495 1473 1466 1470 1472 1472 1474 1477 1479 1477 1474 1475 1474 1486 1491 1491 1493 1486 1465 1451
734 728 729 731 739 748 758 767 780 795 825 843 856 865 877 893 897 880 873 866 871 884 905 926 949 966 987 1017 1056 1087 1115 1149 1171 1188 1213 1243 1268 1293 1319 1343 1374 1390 1411 1437 1449 1454 1458 1460 1464 1465 1471 1478 1485 1492 1509 1523 1512 1513 1518 1556 1561 1564 1582 1573 1557 1539 1530 1519 1522 1533 1539 1535 1522 1506 1488 1483 1487 1481 1480 1485 1488 1495 1493 1487 1487 1488 1497 1512 1511 1507 1492 1478 1460
737 736 742 741 748 755 772 776 787 799 824 842 856 871 889 895 900 904 883 871 882 897 908 933 955 973 988 1020 1055 1094 1112 1141 1166 1167 1202 1245 1261 1292 1320 1344 1381 1390 1415 1439 1455 1463 1468 1470 1475 1476 1479 1489 1498 1515 1531 1543 1542 1560 1566 1580 1594 1592 1596 1589 1577 1567 1537 1527 1543 1550 1549 1541 1536 1521 1511 1505 1491 1483 1488 1491 1501 1506 1505 1505 1507 1514 1526 1532 1532 1526 1507 1490 1466
742 741 738 740 747 764 780 787 794 804 824 843 867 884 895 901 906 913 908 896 899 901 920 944 960 978 995 1018 1055 1083 1111 1129 1152 1160 1191 1230 1251 1293 1331 1347 1368 1386 1416 1441 1455 1464 1472 1474 1481 1489 1492 1502 1511 1535 1550 1553 1567 1585 1595 1607 1620 1614 1597 1598 1591 1583 1566 1568 1574 1576 1572 1560 1536 1529 1525 1519 1508 1499 1492 1504 1511 1521 1531 1527 1530 1534 1549 1556 1549 1528 1521 1508 1482
747 746 740 741 750 765 783 790 798 820 828 850 875 897 905 908 922 929 927 923 911 914 942 955 965 978 997 1017 1042 1076 1100 1124 1149 1157 1185 1226 1251 1296 1330 1342 1360 1382 1414 1441 1454 1468 1477 1481 1485 1491 1500 1505 1514 1538 1552 1562 1586 1602 1614 1622 1631 1630 1620 1620 1616 1607 1595 1589 1591 1594 1597 1586 1564 1535 1529 1533 1527 1519 1513 1515 1523 1540 1549 1549 1550 1556 1566 1568 1568 1554 1547 1533 1494
752 756 755 753 760 770 782 795 810 828 833 853 873 898 915 920 935 944 950 952 948 944 954 965 971 978 1003 1019 1037 1080 1096 1125 1145 1149 1179 1231 1252 1295 1331 1347 1362 1388 1419 1435 1449 1460 1474 1483 1483 1493 1498 1505 1516 1529 1545 1560 1586 1600 1615 1625 1633 1634 1630 1630 1635 1628 1620 1621 1618 1612 1608 1602 1588 1571 1565 1555 1546 1537 1523 1526 1538 1552 1570 1564 1561 1566 1580 1593 1586 1578 1568 1552 1531
757 763 773 772 770 776 782 797 817 829 843 858 871 892 917 932 945 956 974 988 991 969 964 972 981 996 1012 1029 1070 1080 1102 1130 1144 1157 1202 1230 1266 1305 1332 1347 1363 1389 1408 1423 1441 1452 1453 1456 1468 1483 1496 1499 1516 1528 1541 1561 1584 1596 1608 1621 1638 1637 1638 1634 1637 1633 1625 1623 1616 1615 1610 1605 1600 1590 1577 1564 1563 1550 1549 1567 1573 1571 1579 1576 1576 1583 1590 1605 1607 1591 1581 1567 1550
762 772 783 787 789 785 788 795 813 839 848 864 877 895 917 940 958 970 994 1011 1018 1000 988 993 1007 1015 1021 1069 1089 1087 1106 1140 1155 1192 1220 1241 1276 1318 1332 1345 1366 1385 1394 1410 1434 1442 1438 1439 1447 1469 1487 1497 1512 1529 1541 1561 1579 1594 1607 1623 1632 1637 1636 1629 1634 1634 1629 1612 1612 1599 1597 1603 1603 1597 1582 1579 1578 1569 1570 1576 1573 1589 1600 1600 1609 1614 1613 1618 1605 1605 1593 1579 1562
777 786 796 800 806 796 791 800 827 845 849 863 884 904 923 939 962 979 1007 1019 1030 1029 1026 1034 1054 1061 1061 1092 1093 1099 1132 1158 1185 1211 1229 1265 1289 1328 1337 1351 1373 1385 1391 1398 1420 1440 1438 1437 1445 1462 1486 1500 1508 1530 1544 1558 1573 1595 1608 1616 1625 1630 1629 1621 1626 1630 1618 1602 1593 1571 1575 1592 1598 1595 1579 1577 1576 1574 1575 1573 1592 1599 1603 1617 1621 1626 1623 1616 1613 1600 1594 1587 1573
793 798 806 806 806 803 794 820 849 851 857 866 887 907 923 939 964 977 1014 1027 1032 1041 1056 1065 1091 1104 1117 1119 1117 1124 1160 1180 1206 1217 1252 1290 1318 1350 1349 1364 1376 1385 1391 1396 1417 1443 1443 1442 1453 1464 1483 1499 1508 1528 1548 1557 1573 1588 1602 1606 1612 1611 1611 1590 1595 1606 1600 1574 1567 1545 1541 1569 1572 1573 1567 1576 1575 1574 1572 1579 1600 1605 1607 1617 1621 1626 1626 1615 1605 1600 1596 1591 1584
806 818 818 815 815 814 818 855 864 862 869 877 889 904 920 941 965 986 1017 1030 1041 1057 1076 1088 1108 1126 1141 1151 1167 1171 1188 1205 1217 1242 1280 1301 1346 1367 1368 1376 1383 1394 1397 1401 1420 1445 1457 1458 1464 1474 1486 1501 1514 1529 1549 1557 1573 1578 1585 1587 1585 1584 1581 1568 1564 1567 1567 1561 1542 1537 1526 1531 1549 1557 1554 1568 1574 1568 1571 1572 1590 1598 1607 1611 1620 1622 1617 1603 1594 1590 1592 1592 1591
821 833 841 837 832 827 865 886 886 879 879 881 890 906 925 943 961 1000 1017 1030 1046 1071 1089 1107 1121 1142 1153 1175 1202 1207 1213 1230 1233 1260 1287 1311 1354 1372 1388 1391 1394 1395 1401 1408 1429 1452 1460 1467 1472 1481 1499 1509 1524 1531 1544 1556 1568 1571 1565 1561 1562 1558 1553 1551 1548 1545 1538 1533 1528 1525 1522 1522 1535 1546 1551 1555 1562 1564 1572 1572 1581 1590 1598 1605 1613 1613 1601 1593 1585 1589 1597 1602 1608
843 852 857 854 851 858 896 903 901 899 887 885 890 910 933 949 962 996 1014 1032 1052 1076 1095 1121 1133 1141 1163 1194 1208 1218 1236 1247 1255 1265 1288 1319 1355 1382 1399 1405 1411 1408 1414 1425 1446 1463 1469 1477 1486 1494 1513 1524 1532 1538 1543 1554 1562 1558 1546 1535 1533 1537 1530 1524 1527 1530 1522 1515 1516 1508 1512 1517 1525 1537 1541 1546 1554 1564 1564 1569 1576 1583 1596 1597 1590 1589 1587 1584 1581 1588 1591 1600 1611
873 873 876 872 877 903 909 923 928 921 893 889 893 912 935 951 967 992 1015 1036 1061 1080 1092 1123 1136 1138 1162 1198 1212 1225 1247 1254 1266 1276 1295 1316 1350 1392 1408 1412 1421 1425 1427 1441 1460 1476 1489 1494 1499 1508 1522 1532 1539 1544 1545 1551 1546 1533 1525 1515 1508 1505 1502 1505 1509 1512 1511 1501 1494 1500 1500 1501 1502 1516 1530 1540 1541 1545 1546 1552 1563 1566 1571 1573 1574 1564 1560 1565 1576 1580 1594 1597 1607
911 906 904 900 922 928 924 934 941 935 918 894 903 915 930 949 967 982 1010 1038 1062 1081 1090 1111 1131 1139 1161 1194 1209 1221 1240 1256 1265 1281 1295 1312 1342 1383 1414 1414 1426 1432 1432 1450 1472 1492 1503 1513 1519 1519 1525 1533 1541 1546 1542 1537 1525 1517 1509 1499 1486 1476 1474 1485 1491 1496 1500 1496 1483 1496 1490 1491 1489 1501 1516 1529 1527 1529 1534 1540 1544 1546 1550 1559 1558 1550 1541 1540 1552 1573 1580 1585 1595
925 927 929 940 951 947 945 950 956 950 936 913 914 920 929 948 967 983 1002 1038 1059 1070 1081 1095 1118 1139 1154 1184 1197 1210 1233 1251 1261 1276 1293 1316 1345 1368 1401 1416 1431 1432 1437 1452 1478 1501 1514 1532 1541 1538 1531 1536 1542 1540 1528 1519 1508 1504 1499 1486 1471 1464 1463 1464 1469 1477 1483 1485 1479 1481 1486 1490 1491 1489 1496 1511 1510 1514 1523 1529 1531 1531 1534 1541 1539 1536 1535 1528 1528 1551 1556 1570 1579
932 936 943 961 977 978 973 974 976 965 949 932 930 930 940 951 966 980 1008 1038 1058 1062 1072 1089 1107 1128 1143 1165 1190 1203 1225 1243 1255 1270 1289 1312 1340 1363 1385 1408 1426 1428 1443 1452 1477 1501 1524 1539 1545 1543 1537 1540 1536 1526 1513 1505 1493 1486 1478 1472 1456 1449 1447 1444 1448 1453 1458 1463 1465 1462 1463 1468 1471 1476 1475 1482 1495 1502 1509 1522 1533 1529 1524 1521 1518 1514 1515 1512 1517 1524 1547 1556 1569
942 946 965 989 995 1005 1013 996 993 977 964 938 935 939 948 951 958 977 1020 1038 1052 1058 1074 1089 1105 1120 1135 1160 1187 1202 1219 1237 1249 1262 1279 1299 1323 1351 1380 1401 1418 1431 1445 1454 1476 1503 1530 1537 1541 1537 1537 1537 1523 1513 1500 1490 1475 1464 1454 1456 1440 1428 1420 1415 1423 1428 1433 1441 1441 1436 1437 1451 1455 1462 1465 1465 1479 1495 1506 1513 1513 1509 1498 1489 1492 1499 1499 1494 1490 1512 1526 1538 1547
949 959 985 1001 1006 1016 1026 1022 1002 988 976 960 948 953 955 959 965 980 1020 1036 1044 1059 1076 1089 1111 1130 1146 1164 1191 1203 1221 1235 1249 1258 1278 1294 1314 1336 1367 1391 1413 1436 1442 1450 1474 1507 1527 1533 1536 1533 1531 1523 1502 1493 1481 1474 1462 1451 1441 1434 1422 1400 1393 1390 1391 1400 1408 1415 1417 1411 1415 1433 1442 1442 1455 1460 1467 1478 1494 1497 1494 1490 1477 1469 1469 1470 1472 1472 1471 1491 1506 1520 1524
955 973 998 1006 1017 1038 1035 1026 1021 1005 994 984 974 977 970 966 973 983 1022 1035 1046 1068 1082 1090 1118 1141 1162 1180 1200 1215 1238 1244 1258 1267 1282 1295 1305 1328 1348 1368 1408 1439 1446 1452 1477 1506 1517 1523 1525 1527 1518 1506 1486 1472 1467 1456 1441 1435 1421 1402 1389 1374 1370 1374 1373 1379 1388 1392 1398 1398 1399 1409 1417 1422 1435 1446 1458 1462 1470 1476 1475 1473 1467 1463 1459 1456 1453 1451 1452 1468 1488 1499 1499
970 983 1007 1021 1051 1053 1039 1027 1023 1018 1010 994 985 980 980 975 978 993 1030 1046 1060 1072 1088 1107 1132 1154 1180 1197 1209 1237 1246 1263 1272 1283 1293 1299 1311 1333 1348 1367 1406 1440 1451 1461 1484 1498 1506 1511 1512 1517 1509 1489 1475 1459 1446 1429 1413 1411 1396 1373 1355 1351 1350 1352 1360 1366 1373 1376 1384 1388 1388 1392 1394 1401 1411 1427 1448 1455 1454 1455 1448 1451 1451 1453 1450 1449 1442 1432 1431 1446 1471 1482 1483
984 1009 1025 1047 1055 1061 1055 1042 1023 1029 1019 1004 990 986 992 991 995 1016 1037 1062 1073 1084 1105 1121 1145 1171 1193 1208 1226 1236 1254 1274 1283 1294 1307 1316 1334 1342 1360 1375 1401 1434 1450 1462 1478 1489 1492 1501 1508 1507 1497 1480 1460 1448 1424 1406 1394 1385 1366 1344 1326 1328 1332 1334 1344 1352 1353 1353 1361 1366 1370 1380 1385 1389 1396 1410 1433 1446 1444 1436 1429 1428 1429 1434 1436 1433 1426 1420 1418 1429 1452 1469 1473
1005 1028 1044 1054 1062 1070 1062 1052 1039 1037 1020 1008 1004 1005 1006 1007 1014 1036 1054 1076 1086 1102 1119 1137 1166 1183 1193 1209 1238 1242 1259 1285 1294 1299 1321 1336 1345 1353 1366 1377 1399 1422 1440 1453 1472 1484 1486 1496 1501 1497 1490 1481 1464 1431 1416 1399 1376 1361 1342 1320 1306 1305 1310 1314 1320 1327 1332 1331 1337 1343 1352 1365 1373 1381 1385 1397 1414 1429 1433 1421 1410 1405 1406 1412 1415 1412 1408 1406 1407 1420 1431 1439 1444
1021 1045 1061 1063 1071 1074 1073 1050 1046 1039 1026 1013 1009 1013 1009 1008 1017 1037 1067 1076 1094 1117 1132 1154 1176 1185 1194 1206 1232 1244 1259 1281 1297 1314 1328 1340 1351 1355 1366 1378 1387 1407 1421 1443 1459 1478 1485 1492 1492 1491 1486 1482 1471 1430 1412 1390 1363 1345 1327 1302 1292 1285 1282 1286 1287 1291 1298 1303 1314 1322 1333 1345 1356 1364 1369 1380 1394 1405 1407 1398 1392 1388 1391 1394 1398 1393 1389 1391 1395 1402 1409 1411 1411
1036 1060 1071 1072 1081 1080 1069 1057 1050 1038 1033 1022 1010 1011 1012 1022 1034 1049 1076 1090 1107 1131 1154 1173 1179 1189 1207 1214 1231 1245 1263 1282 1298 1310 1323 1337 1349 1350 1356 1377 1380 1398 1405 1426 1452 1472 1482 1487 1486 1488 1486 1473 1457 1424 1405 1385 1362 1339 1306 1288 1277 1268 1259 1257 1264 1265 1266 1271 1281 1290 1306 1322 1336 1341 1344 1361 1379 1388 1382 1377 1373 1370 1372 1377 1381 1379 1378 1378 1380 1384 1393 1397 1390
