interpolation/demsqian.txt
ncols         648
nrows         614
xllcorner     546418.0598
yllcorner     3077459.5144
cellsize      30
NODATA_value  -9999
[rows 0 to 40 of 614, columns 93 to 185 of 648]
641 642 651 659 654 642 634 613 585 567 550 540 527 522 523 520 522 537 555 569 572 589 606 635 658 672 687 697 691 702 716 739 744 756 772 784 792 813 833 848 860 865 866 871 873 877 873 879 876 884 884 883 887 897 912 922 921 914 899 890 884 886 887 886 889 890 888 883 875 866 864 865 857 844 835 827 822 811 806 804 806 806 810 804 793 747 697 682 670 671 662 638 629
661 666 672 670 663 653 639 617 597 574 559 547 538 538 538 548 552 551 561 570 573 588 614 642 666 685 701 704 709 711 725 732 743 753 775 790 802 807 845 863 873 880 889 894 898 900 906 891 892 895 894 899 904 911 923 925 912 899 891 887 886 887 889 891 894 888 886 882 872 870 866 859 847 842 834 831 829 817 805 808 808 805 800 791 758 720 696 677 660 656 638 628 621
675 683 682 675 664 652 638 617 601 579 568 560 558 557 553 553 557 560 570 574 579 595 627 648 667 686 701 716 717 726 728 741 746 767 792 806 806 840 865 877 888 898 908 908 908 912 912 907 906 902 902 903 909 912 913 901 895 896 885 880 883 885 890 897 893 889 886 882 875 871 867 851 844 836 830 831 828 815 804 806 804 791 780 762 725 695 674 666 664 647 620 613 612
688 697 689 679 671 651 641 614 600 589 578 575 576 570 559 552 555 567 568 577 588 620 636 653 667 684 698 714 726 735 742 751 772 791 809 832 841 860 873 888 898 909 912 907 906 910 913 910 918 913 908 907 909 911 898 894 895 881 869 863 872 881 888 896 891 886 880 875 873 875 865 846 839 835 830 827 826 817 800 792 790 774 759 745 728 703 679 673 653 624 616 615 617
703 704 697 690 674 651 637 615 598 590 582 581 585 579 564 555 559 571 575 587 611 635 646 662 675 688 702 720 733 744 758 777 792 810 831 846 860 869 881 891 901 906 905 906 908 915 914 914 917 913 908 910 906 895 888 886 881 856 840 842 856 869 871 870 870 866 863 864 871 873 865 851 848 839 828 827 825 806 790 783 770 742 736 729 711 707 700 684 653 625 617 617 619
708 706 702 694 664 644 631 615 599 589 586 588 589 582 570 561 567 574 589 606 628 649 662 679 688 695 710 731 745 759 772 788 801 817 832 845 849 871 883 894 899 901 907 915 916 916 913 914 920 914 910 909 893 890 886 878 857 842 835 834 835 852 858 861 857 845 848 850 858 865 867 855 851 841 831 826 823 807 790 765 750 724 718 713 713 717 711 696 662 642 621 612 611
702 706 704 692 662 643 629 617 607 601 600 596 590 582 573 570 572 589 610 628 647 663 676 686 697 702 714 737 749 766 779 792 805 822 829 832 838 854 875 884 895 902 908 914 916 915 915 913 914 916 916 898 888 890 883 871 856 844 836 830 829 826 833 841 845 839 829 832 845 859 870 865 848 830 828 825 817 805 787 759 747 722 706 714 721 717 714 696 664 640 618 606 603
690 705 710 698 667 646 630 625 619 618 614 606 598 587 577 576 587 602 621 636 655 667 678 685 700 706 707 726 746 759 772 787 798 811 816 820 832 845 856 869 885 898 907 910 914 918 915 920 920 896 892 885 884 878 874 866 862 842 832 828 818 815 823 833 840 831 821 824 836 855 867 865 850 826 825 822 810 800 788 759 742 723 711 713 718 714 698 675 649 629 609 597 597
684 707 718 710 676 654 641 634 629 630 625 616 609 600 593 590 599 608 622 638 652 662 671 679 691 690 697 712 734 750 755 771 785 794 799 806 827 845 850 863 870 892 907 912 917 917 918 905 886 868 850 851 855 865 868 866 854 839 830 823 815 809 814 826 833 824 819 825 839 855 861 851 829 820 815 815 808 800 783 752 742 728 715 716 718 715 695 670 642 626 609 598 596
689 706 717 712 689 671 660 645 635 631 625 622 623 620 609 604 603 610 625 638 646 650 656 663 673 678 688 706 722 740 746 757 773 780 791 799 815 838 851 860 862 884 903 912 916 911 908 883 864 833 822 820 828 839 853 854 842 833 826 818 814 805 810 817 822 816 819 831 850 855 851 841 816 812 814 815 810 800 774 748 739 730 722 724 726 727 705 672 646 633 619 604 595
693 710 717 711 698 685 675 658 641 633 629 631 637 635 620 609 607 610 623 628 634 639 643 651 662 672 680 704 714 728 743 755 769 781 793 805 816 836 849 857 864 884 904 916 917 911 887 864 840 821 811 799 808 815 826 832 830 829 823 818 816 812 808 808 809 809 814 832 848 850 842 823 797 799 811 816 806 793 779 762 744 735 732 728 729 728 704 670 650 639 623 608 597
693 712 722 721 709 696 687 670 653 643 642 647 646 640 630 616 609 611 616 619 628 638 644 655 664 671 682 700 714 726 746 759 770 784 798 810 824 844 847 858 872 890 909 915 909 895 871 847 827 812 803 791 793 799 808 814 821 823 820 819 819 814 802 799 798 805 817 842 844 847 821 805 790 798 805 806 799 789 783 767 742 732 731 726 729 721 695 667 655 646 631 612 594
689 711 724 727 716 701 693 680 667 659 658 659 655 643 642 630 612 612 617 626 637 648 655 659 668 675 687 700 719 738 748 761 772 786 802 821 832 854 858 864 878 897 909 905 895 877 858 836 823 803 793 789 785 792 799 807 812 813 811 807 804 798 795 793 796 809 828 841 847 830 805 783 782 785 785 785 790 790 785 763 745 730 723 719 718 706 686 676 666 654 637 617 595
685 715 726 725 716 701 693 689 682 673 667 658 657 648 647 643 632 632 639 643 657 662 663 661 669 679 693 704 725 747 751 765 777 790 808 834 848 866 874 873 886 903 902 894 880 862 848 832 818 803 788 784 781 778 780 796 799 802 797 786 782 786 792 796 806 820 837 844 840 813 798 780 766 768 767 766 777 780 772 762 753 737 727 718 711 700 689 681 667 655 638 617 598
686 710 725 726 716 708 703 702 701 683 666 658 662 661 658 660 661 663 666 668 673 679 675 672 675 686 704 713 737 753 764 777 788 800 816 833 860 872 879 883 896 904 899 883 866 848 834 825 815 806 792 781 769 761 763 777 783 788 780 778 779 786 791 795 807 826 843 848 830 799 783 771 762 763 761 758 769 775 771 763 747 731 727 718 708 698 695 688 673 653 629 607 596
691 702 720 726 720 715 711 714 716 695 668 669 673 672 675 678 675 678 677 688 687 697 693 688 690 700 708 718 752 765 779 789 799 807 823 843 869 877 881 891 900 902 893 861 847 838 827 815 812 804 796 773 755 752 761 770 772 776 772 781 786 788 790 795 813 830 847 846 819 791 775 763 758 756 758 760 766 772 770 763 744 730 723 715 709 706 700 697 679 646 615 603 599
699 707 718 718 720 718 711 715 718 707 676 678 681 675 677 679 681 686 690 695 708 714 712 708 705 713 712 725 757 770 780 794 804 814 833 860 876 881 885 885 887 887 867 839 829 830 822 808 802 793 782 758 747 751 765 772 774 776 774 780 782 786 789 800 823 840 851 850 811 794 778 758 756 756 759 762 767 769 769 764 760 743 728 716 710 708 704 700 675 635 610 609 606
699 714 720 721 723 725 721 720 710 702 690 679 678 681 689 693 702 709 712 713 724 728 726 720 712 713 724 740 753 765 779 798 813 826 848 864 874 881 881 866 863 858 835 819 816 820 811 799 789 781 767 752 748 753 765 770 772 779 780 779 776 786 799 818 839 851 856 850 808 798 778 758 753 750 751 753 762 774 770 764 765 751 734 710 705 703 697 686 660 627 614 612 608
702 716 727 724 731 742 734 725 711 706 697 687 685 690 696 707 726 724 723 722 731 736 735 729 723 725 735 747 753 765 782 804 820 838 857 867 878 884 870 851 848 827 807 795 802 808 799 786 777 767 759 755 751 752 761 764 768 774 781 779 780 795 815 836 847 856 854 844 813 794 774 756 741 734 731 738 746 760 766 762 758 747 714 700 698 697 688 674 653 623 614 612 611
701 713 720 727 742 750 741 730 722 714 704 696 692 697 705 719 731 731 734 732 741 745 746 744 744 741 746 753 762 774 791 812 826 844 858 866 878 875 858 840 827 797 783 777 787 792 784 775 765 758 754 753 753 752 758 763 765 769 774 782 790 806 822 836 844 851 849 840 821 793 763 743 727 720 709 710 720 736 750 754 747 726 703 695 694 695 686 673 651 617 613 618 616
690 700 708 724 745 751 746 738 726 718 714 707 702 707 718 727 732 731 738 743 750 756 756 758 759 753 754 766 775 784 801 817 828 845 860 867 874 868 851 824 799 784 776 775 775 774 765 761 754 757 757 756 758 755 757 763 767 772 774 789 797 808 819 830 840 845 844 836 819 790 747 729 716 707 695 690 697 718 736 741 735 707 703 690 693 690 680 673 650 620 619 626 619
690 697 708 727 742 755 748 742 730 721 718 713 713 714 721 735 739 749 756 767 771 765 767 770 770 768 766 775 786 795 806 823 836 851 862 869 867 860 845 807 787 778 773 770 765 762 754 751 751 758 759 765 760 756 758 766 777 783 785 792 799 811 819 828 836 838 836 821 810 781 736 720 705 695 689 686 682 706 728 731 725 705 698 685 683 677 674 670 653 633 622 625 620
690 698 709 728 748 758 751 740 729 724 719 719 716 716 726 741 738 759 770 786 786 779 775 776 780 778 780 786 796 804 818 837 853 865 865 862 864 857 829 804 784 772 770 770 762 752 752 751 752 750 760 763 757 757 765 776 787 796 799 797 800 818 824 831 836 829 822 809 795 764 729 703 690 685 682 682 685 707 723 731 722 711 697 680 671 668 668 662 652 639 626 622 620
694 704 720 735 749 756 753 744 734 723 721 725 724 723 730 740 754 768 783 792 791 790 783 780 786 790 793 797 808 820 839 861 872 872 862 857 861 845 814 802 790 776 769 770 760 749 747 748 748 748 757 754 753 758 767 783 796 809 806 803 801 812 824 831 834 823 813 799 778 736 708 681 680 682 683 690 700 712 724 730 725 721 700 678 665 655 654 656 647 634 629 617 620
703 721 733 742 750 755 757 748 739 734 726 733 733 733 738 741 758 777 790 802 799 796 795 800 804 806 803 812 821 839 855 866 872 871 859 849 843 823 817 807 793 778 766 763 756 744 744 747 746 745 749 747 752 760 770 791 804 813 809 810 803 810 822 828 827 820 810 780 765 720 680 670 678 687 699 709 710 717 726 729 729 727 713 689 660 640 638 646 642 627 627 619 622
723 737 746 752 758 767 772 762 749 745 740 746 745 741 744 747 775 793 805 823 826 821 822 833 832 823 823 828 839 854 867 874 867 854 844 839 825 823 822 808 791 775 762 758 754 743 741 748 752 749 741 745 757 771 788 805 811 811 811 807 807 817 821 824 820 819 793 773 747 698 671 670 678 698 711 720 718 719 726 729 729 727 725 707 676 647 634 639 640 629 627 630 629
727 742 756 767 775 784 782 775 761 759 759 760 758 750 751 774 793 806 820 832 837 841 855 850 852 841 838 845 857 867 875 867 838 829 829 822 820 822 821 806 782 764 756 753 746 737 737 745 748 746 740 750 768 785 801 807 815 817 819 810 815 820 816 814 816 822 790 756 707 676 674 672 689 699 711 717 720 722 726 727 730 734 732 720 704 672 649 643 639 635 633 636 641
721 741 758 773 782 782 781 778 767 770 781 784 775 761 770 785 797 810 825 840 848 850 853 865 863 854 851 862 871 871 864 835 828 823 811 805 811 824 819 799 778 767 759 751 736 728 730 730 737 741 742 764 782 786 794 800 811 818 826 822 820 820 808 809 814 814 772 712 679 674 678 688 705 697 700 709 718 723 723 723 735 741 743 732 708 692 672 655 644 637 639 643 665
725 753 767 773 778 779 775 771 771 786 788 791 785 777 784 792 801 815 827 843 851 860 866 879 873 871 872 876 871 864 851 824 821 808 790 789 804 813 807 795 771 763 756 746 730 726 724 715 719 730 743 770 777 785 787 786 799 818 824 829 822 810 802 800 803 777 723 680 669 667 679 704 707 700 697 704 714 718 716 717 737 742 747 741 712 689 674 660 651 644 643 648 687
732 748 759 764 773 773 768 769 775 790 797 793 788 792 793 799 808 823 836 848 861 873 877 879 884 881 876 878 865 850 836 819 801 794 789 785 789 799 801 791 771 760 753 740 728 725 724 719 721 716 745 763 772 777 777 776 784 804 817 822 814 792 778 779 769 726 688 666 664 664 692 708 710 702 697 699 702 700 705 716 733 746 743 733 711 683 673 662 650 648 651 663 691
734 739 749 755 757 759 764 772 780 782 793 791 795 794 803 819 830 841 851 862 876 883 882 883 887 885 877 870 855 839 819 804 791 787 783 779 773 780 786 777 771 752 741 737 736 734 739 736 725 722 737 750 759 759 762 767 774 782 777 780 786 773 766 753 738 707 684 665 662 669 689 713 712 707 696 692 698 698 702 717 733 741 740 723 701 675 671 670 659 654 661 684 693
728 729 735 745 753 757 765 777 783 789 796 801 802 797 809 826 840 855 868 881 874 877 882 876 871 866 867 857 844 825 798 797 793 788 778 771 763 766 773 774 756 737 728 731 737 742 744 738 731 727 734 742 746 749 757 765 763 757 757 752 755 758 746 725 711 698 689 677 662 678 693 713 719 706 702 700 700 708 714 720 730 730 731 712 680 677 673 674 677 676 686 697 711
702 715 725 737 748 754 765 782 791 801 805 806 814 814 821 833 848 865 880 879 874 861 865 860 851 843 841 832 819 808 792 787 788 778 776 767 754 754 758 753 738 720 721 731 736 738 727 720 723 733 740 741 746 753 752 757 752 747 720 717 730 727 709 706 696 691 685 669 673 675 691 709 708 709 704 707 711 717 718 725 730 729 705 689 682 679 680 686 695 703 713 720 732
684 700 722 731 740 746 761 777 790 799 809 814 808 815 828 840 853 868 873 873 868 857 848 838 831 829 822 811 804 792 780 779 768 763 766 754 741 737 738 730 719 712 716 725 736 734 722 715 723 733 740 739 744 752 754 755 745 726 713 713 712 715 708 697 688 688 684 684 682 685 707 709 706 709 709 712 717 720 723 724 722 716 691 683 684 683 686 695 711 718 726 739 750
684 694 720 727 732 744 756 771 786 802 819 812 815 833 843 849 858 869 868 864 859 847 834 827 821 812 803 796 792 786 779 776 765 760 756 738 727 722 722 718 713 707 702 707 722 724 717 717 721 727 733 744 751 754 752 744 734 717 716 713 710 709 703 691 685 691 695 700 697 708 712 701 699 701 706 710 717 719 726 722 710 701 688 685 681 686 692 703 723 736 746 756 767
684 700 721 727 737 749 755 769 789 808 821 821 841 850 856 855 861 872 871 873 853 846 834 820 811 803 801 798 791 779 772 766 766 761 746 731 721 713 712 714 709 698 694 698 713 720 721 722 719 719 731 747 749 749 744 739 727 708 709 713 715 712 705 698 688 694 702 712 714 706 708 704 699 687 687 693 695 693 695 703 703 693 690 692 688 691 706 719 732 754 767 778 789
702 717 735 748 754 759 761 768 788 810 825 840 854 859 873 877 869 875 875 869 860 850 837 824 814 806 802 795 786 783 783 766 759 747 728 719 719 709 702 700 698 693 691 688 699 715 720 718 719 720 733 745 749 749 738 730 715 695 698 699 703 708 701 691 685 687 701 712 711 701 695 693 661 667 663 663 661 662 675 676 684 693 700 705 702 708 721 738 750 769 781 798 804
714 735 747 764 776 772 773 781 795 812 829 844 856 870 883 898 903 896 883 870 860 846 838 831 824 815 805 796 799 791 779 769 753 739 719 714 716 705 704 701 690 691 690 687 692 702 711 715 723 729 739 742 742 740 734 720 700 693 689 684 687 691 681 676 676 683 692 697 696 687 679 669 655 651 646 653 653 654 662 671 687 700 715 718 719 724 733 742 753 777 791 801 816
732 749 761 772 779 778 783 794 809 825 842 854 862 874 896 910 912 913 903 876 862 854 841 840 835 822 809 797 800 781 770 763 747 736 724 719 717 713 709 704 696 691 689 683 686 696 706 715 722 734 735 732 728 730 724 707 694 682 679 673 665 660 667 671 674 683 686 687 684 671 664 655 653 642 629 633 646 653 658 668 684 707 720 730 738 733 737 746 769 780 786 797 818
733 750 762 772 780 785 792 806 823 836 849 863 877 888 902 912 923 921 910 894 876 867 853 850 842 825 816 807 791 777 768 763 751 742 735 732 726 716 708 706 704 699 693 686 688 698 706 715 717 728 726 719 717 714 708 698 687 672 668 658 659 661 667 668 669 676 679 680 678 657 649 648 640 638 631 630 637 648 654 669 688 713 734 739 746 750 750 761 781 785 795 805 819
726 748 758 775 786 791 802 819 832 853 862 872 886 899 911 922 929 929 920 905 891 878 873 860 844 825 822 808 807 785 778 766 754 746 744 741 733 727 718 713 710 707 700 693 694 700 704 702 704 714 711 710 705 694 682 671 663 659 653 659 662 665 664 665 662 670 673 675 659 649 642 637 637 638 638 635 635 643 654 664 690 707 740 747 758 764 767 780 802 805 809 811 817
