interpolation/demsqian.txt
ncols         648
nrows         614
xllcorner     546418.0598
yllcorner     3077459.5144
cellsize      30
NODATA_value  -9999
[rows 287 to 327 of 614, columns 279 to 371 of 648]
831 827 821 820 825 831 830 825 819 804 800 807 812 812 813 819 825 832 842 847 852 855 862 874 880 884 885 893 913 925 928 919 904 887 880 877 887 900 905 917 926 925 926 916 915 922 927 920 920 918 917 926 930 929 937 947 951 954 961 966 963 968 968 968 969 965 952 950 957 966 968 973 982 991 996 1003 1007 1015 1016 1018 1004 985 976 977 973 966 954 947 941 932 916 894 891
815 811 810 815 819 814 805 807 808 793 787 794 795 789 790 796 799 808 817 823 834 839 838 848 854 856 859 863 877 889 893 888 880 871 872 877 883 891 893 895 903 904 906 906 906 910 917 919 917 916 913 918 922 933 939 943 942 949 962 960 962 962 959 959 962 958 952 954 957 968 966 976 991 999 1008 1008 1016 1021 1019 1018 1005 996 981 972 970 964 954 950 944 933 917 906 895
782 773 784 796 804 795 790 795 790 783 774 772 768 755 762 776 781 791 802 797 803 815 817 826 833 839 839 838 839 845 851 861 863 865 866 871 884 891 894 892 894 898 897 897 898 901 907 913 912 912 911 910 923 944 945 943 938 944 950 951 944 943 943 954 959 959 959 961 961 968 974 988 1000 1015 1020 1019 1025 1028 1029 1024 1011 1000 980 969 967 964 958 955 952 941 927 920 914
754 735 732 747 764 757 754 766 766 762 756 751 742 745 752 762 774 778 784 785 795 799 804 808 817 821 821 819 821 826 848 855 864 863 862 865 873 882 885 881 885 890 897 897 891 892 903 907 908 909 909 903 928 943 959 953 944 939 932 933 927 928 930 945 960 963 961 962 967 972 984 997 1009 1023 1028 1033 1036 1035 1035 1029 1018 1005 986 976 972 969 964 961 955 945 936 926 920
722 723 719 706 711 714 715 725 725 731 736 733 727 727 736 753 767 779 783 783 791 800 802 805 806 804 808 815 820 825 845 852 870 868 864 866 865 868 865 866 885 886 886 887 889 889 902 900 902 905 902 895 914 943 971 971 948 929 926 924 927 928 930 940 966 968 964 965 976 984 993 1002 1013 1022 1032 1043 1045 1041 1031 1025 1021 1014 998 990 981 971 965 959 955 949 939 932 927
686 680 682 675 679 689 696 708 721 717 712 717 719 728 728 743 764 777 785 786 796 803 803 808 807 808 816 823 832 842 856 864 875 879 877 874 872 871 867 871 884 885 888 886 893 896 899 892 893 899 895 890 897 962 981 983 944 920 921 923 926 930 934 946 971 975 971 972 986 996 1001 1005 1014 1025 1035 1046 1049 1043 1029 1021 1022 1016 1008 998 985 973 965 958 956 951 944 941 937
658 663 671 672 675 677 690 703 713 723 713 718 721 730 733 745 762 778 791 800 808 817 825 829 831 836 840 842 853 869 888 897 894 897 898 890 879 876 875 889 891 885 889 893 897 900 895 893 896 900 890 894 926 983 994 988 951 919 914 917 928 934 944 958 973 975 974 981 993 999 1005 1006 1019 1027 1038 1049 1051 1043 1032 1023 1024 1016 1012 1003 991 980 974 970 968 965 948 943 940
655 662 668 676 685 692 703 713 736 739 731 736 731 729 739 759 775 788 803 816 821 834 844 850 854 859 863 861 871 896 909 922 921 915 914 908 894 887 889 899 905 899 893 897 902 900 897 894 903 910 904 915 974 996 1004 994 965 935 926 924 939 944 955 967 975 974 978 987 992 995 1001 1003 1018 1027 1037 1046 1045 1041 1033 1024 1022 1016 1011 1006 998 990 988 986 985 987 967 951 949
666 671 685 692 709 722 737 748 754 772 773 767 758 758 771 779 784 795 813 832 836 845 864 874 877 869 867 871 889 914 930 938 939 938 937 927 912 897 896 905 910 910 902 904 908 908 905 906 911 921 940 954 985 1010 1013 997 973 955 949 949 948 952 962 968 975 975 974 973 980 986 988 994 1007 1023 1032 1038 1036 1034 1027 1021 1010 1007 1003 998 1000 1000 998 997 998 1001 990 975 969
684 695 706 725 741 753 763 772 796 796 807 800 793 794 799 800 801 813 829 851 861 877 889 891 891 881 877 886 915 933 949 953 956 962 960 947 933 911 909 910 916 920 907 906 907 914 921 918 930 932 948 972 987 1003 1007 994 978 969 967 965 959 961 966 966 968 964 951 948 961 969 978 989 1003 1012 1020 1028 1032 1027 1013 1002 989 989 987 994 1000 1004 1011 1011 1010 1006 999 992 986
702 723 751 760 763 771 779 794 818 824 822 832 827 825 828 825 830 847 852 866 890 901 911 918 913 903 899 908 930 944 959 966 974 1002 993 978 964 944 925 915 930 930 923 925 921 930 946 954 953 954 958 969 990 1002 1004 994 982 982 982 973 968 964 963 958 949 939 930 929 942 958 971 979 998 1005 1006 1011 1015 1002 981 967 961 968 972 987 996 1004 1012 1020 1018 1009 1005 1005 1011
721 751 760 767 778 792 810 829 829 828 837 844 851 839 846 863 880 894 894 899 907 913 921 930 926 921 922 927 940 955 978 1001 1015 1037 1030 1012 988 969 942 934 948 952 955 953 949 955 967 976 976 967 961 973 978 984 995 992 992 986 980 975 972 965 957 943 934 924 911 908 920 936 953 961 978 990 990 982 973 962 950 945 941 948 963 969 986 997 1003 1010 1009 1009 1005 1019 1033
729 752 770 780 793 814 831 845 850 863 881 889 881 882 895 910 926 927 933 936 932 937 943 951 946 941 938 954 967 974 1002 1018 1043 1050 1051 1037 1008 988 968 957 958 971 975 971 977 980 980 984 989 979 972 973 978 974 981 991 990 985 981 976 975 961 952 941 926 913 905 898 895 896 921 934 961 966 959 949 943 948 946 935 931 926 944 952 970 978 984 988 993 1001 1002 1023 1035
746 756 770 787 807 833 850 861 873 888 913 918 917 918 925 931 947 961 969 965 974 975 979 986 988 973 958 966 974 999 1011 1031 1050 1059 1068 1058 1034 1007 989 986 996 1010 1003 1002 992 991 985 985 985 982 981 979 981 971 972 975 972 970 977 971 963 954 947 937 920 906 902 891 875 868 889 905 930 934 925 924 930 943 944 927 922 921 930 940 951 951 950 967 981 985 995 1013 1031
751 755 771 789 828 848 870 878 906 927 942 946 944 937 941 952 965 996 1009 999 998 995 1008 1016 1017 1008 999 994 1000 1008 1022 1038 1050 1065 1075 1070 1054 1031 1012 1009 1032 1034 1039 1030 1015 996 992 986 982 979 976 980 975 961 943 931 931 939 943 944 943 943 935 922 906 900 897 883 861 862 864 881 892 901 910 916 926 936 933 922 916 916 920 932 935 935 938 955 965 980 991 1006 1025
760 765 777 801 838 864 880 908 921 960 974 969 962 952 959 991 1018 1030 1030 1028 1028 1026 1031 1030 1034 1038 1037 1038 1036 1037 1042 1039 1055 1080 1084 1079 1062 1046 1040 1035 1045 1044 1045 1047 1031 1008 994 989 979 974 968 962 951 932 916 916 907 917 924 924 925 928 917 897 891 889 887 865 841 841 847 853 861 878 903 912 920 927 922 918 912 910 914 921 929 933 935 947 964 982 999 1006 1024
781 788 792 817 847 869 880 909 954 967 979 1011 1008 1005 1025 1039 1046 1048 1044 1040 1035 1037 1053 1065 1069 1072 1078 1080 1074 1065 1051 1047 1087 1091 1102 1092 1073 1059 1058 1068 1064 1055 1052 1045 1040 1022 1005 994 985 973 961 947 926 904 887 887 883 899 902 896 897 903 892 880 874 868 854 844 821 814 828 838 852 861 878 898 913 920 917 913 902 901 904 915 926 930 936 953 974 992 1008 1021 1026
806 806 817 842 866 877 890 913 953 975 1006 1010 1017 1040 1050 1056 1055 1055 1058 1060 1059 1062 1074 1095 1102 1106 1114 1107 1102 1097 1101 1096 1095 1097 1106 1103 1082 1073 1087 1084 1074 1060 1055 1045 1034 1021 1014 1001 980 972 951 921 900 888 871 863 870 875 877 879 883 877 859 855 848 838 830 822 802 798 802 830 844 860 870 885 902 915 912 905 899 900 903 910 917 925 936 957 983 1002 1012 1030 1030
838 842 847 864 879 893 915 926 948 972 1002 1016 1038 1049 1061 1062 1060 1060 1068 1071 1087 1088 1109 1126 1132 1130 1126 1130 1136 1145 1151 1125 1128 1137 1147 1137 1114 1104 1099 1092 1084 1059 1055 1048 1019 1013 1009 983 965 954 929 900 878 867 854 846 851 853 859 860 850 850 843 833 816 814 820 809 785 774 768 805 828 852 862 872 887 901 905 899 892 893 904 907 912 921 936 957 982 1000 1020 1029 1033
873 887 907 911 912 918 925 949 965 971 998 1023 1044 1054 1066 1077 1081 1082 1085 1093 1103 1109 1129 1146 1154 1153 1138 1140 1155 1155 1159 1176 1171 1171 1175 1170 1148 1120 1095 1088 1081 1066 1045 1021 1004 1001 985 963 951 927 895 872 854 846 831 835 834 825 833 844 843 831 811 802 790 782 782 775 770 767 766 774 813 831 847 859 871 878 884 883 880 881 892 900 908 921 936 945 963 994 1006 1021 1021
908 917 931 936 938 943 951 963 972 993 1008 1023 1039 1057 1074 1085 1098 1107 1106 1114 1125 1129 1139 1155 1165 1166 1160 1157 1156 1160 1169 1185 1189 1188 1193 1187 1177 1159 1121 1096 1075 1044 1030 1009 995 984 962 947 924 900 880 851 850 832 804 809 800 791 788 796 802 803 790 775 768 764 758 755 755 756 753 768 801 825 838 850 863 872 877 874 867 862 863 872 886 905 926 939 950 969 991 1003 1001
934 935 941 947 955 963 985 992 994 1006 1014 1021 1035 1055 1075 1091 1109 1119 1122 1130 1133 1139 1154 1162 1169 1168 1168 1175 1175 1181 1190 1192 1194 1194 1195 1196 1185 1173 1152 1120 1077 1039 1015 999 984 969 953 935 910 885 851 838 824 793 776 771 778 772 768 771 773 769 766 752 743 747 749 739 746 750 754 760 789 818 834 842 853 864 872 871 857 851 849 858 867 887 915 928 945 958 971 983 986
956 953 957 963 970 987 1003 1005 1010 1019 1023 1031 1041 1057 1076 1091 1108 1118 1123 1132 1138 1139 1154 1161 1168 1170 1177 1180 1185 1193 1201 1208 1221 1219 1219 1209 1195 1180 1154 1120 1068 1035 1010 994 983 963 944 915 885 843 813 803 788 769 758 758 756 757 756 759 754 756 746 746 746 748 742 740 744 750 756 765 773 798 819 829 842 857 869 857 850 844 844 851 862 879 906 920 936 950 958 969 971
971 969 971 974 982 996 1001 1007 1015 1028 1031 1047 1053 1059 1072 1085 1099 1111 1111 1116 1126 1129 1139 1152 1161 1168 1176 1178 1184 1198 1204 1212 1227 1223 1223 1217 1203 1178 1136 1088 1056 1018 998 980 964 947 925 887 850 816 792 781 772 757 756 755 754 752 741 742 732 727 737 742 743 743 738 737 739 749 760 768 774 778 797 818 836 847 853 847 841 837 837 845 857 873 884 915 933 943 956 963 964
989 985 982 984 989 993 993 998 1008 1024 1035 1045 1055 1058 1067 1078 1087 1088 1086 1100 1108 1118 1131 1144 1153 1157 1155 1156 1169 1189 1200 1212 1221 1229 1223 1220 1209 1188 1139 1075 1029 995 977 961 950 928 892 853 810 791 767 761 755 760 759 767 758 742 733 730 722 717 726 735 739 730 725 728 742 753 760 767 774 779 788 813 834 843 841 829 827 828 830 839 859 875 890 910 929 937 951 953 953
994 997 987 979 980 983 982 987 997 1013 1024 1032 1045 1054 1062 1056 1053 1063 1076 1084 1099 1110 1119 1129 1137 1142 1141 1144 1157 1181 1197 1208 1212 1223 1222 1213 1190 1169 1134 1079 1032 983 958 950 932 902 859 820 786 773 760 751 758 763 773 774 768 751 736 726 714 714 722 727 726 721 721 728 736 747 760 770 781 780 791 813 826 832 830 819 811 811 827 840 863 878 891 910 921 931 930 918 918
998 995 978 961 950 944 957 969 982 997 1006 1012 1024 1031 1037 1035 1032 1042 1063 1079 1093 1101 1105 1110 1117 1127 1136 1138 1147 1171 1188 1206 1206 1198 1201 1193 1177 1161 1126 1075 1036 990 952 931 914 880 850 807 783 769 755 750 761 770 777 775 770 755 743 728 719 720 719 717 717 717 716 720 724 742 760 769 774 787 792 810 816 823 816 807 804 809 817 840 860 871 887 903 910 911 906 902 897
989 979 953 930 920 921 934 948 966 981 985 992 996 1001 1005 1015 1025 1034 1056 1076 1087 1085 1088 1087 1103 1113 1122 1128 1137 1155 1174 1180 1177 1174 1176 1175 1167 1141 1116 1056 1021 973 936 920 886 861 821 800 784 769 749 750 771 770 773 768 772 753 730 716 723 720 718 711 708 714 720 715 717 733 751 762 764 776 787 798 807 798 784 780 794 801 817 843 852 859 868 877 891 898 890 886 886
966 950 928 915 907 914 922 932 949 965 971 969 972 979 984 995 1017 1030 1042 1061 1079 1082 1078 1075 1083 1098 1107 1116 1129 1139 1149 1154 1158 1152 1131 1124 1129 1115 1099 1056 1012 966 934 914 873 836 801 783 774 760 745 755 772 772 767 760 756 725 718 718 720 722 717 712 716 718 721 720 719 727 743 753 760 771 779 787 793 791 786 785 782 790 808 833 848 857 861 861 862 853 851 847 846
944 930 917 911 910 910 915 921 935 955 960 957 965 975 980 989 1005 1019 1029 1033 1054 1056 1068 1063 1063 1084 1101 1118 1129 1131 1134 1129 1118 1112 1099 1082 1089 1095 1073 1043 974 951 925 909 877 828 795 777 766 756 746 746 762 755 734 731 722 713 710 712 713 711 711 715 713 708 708 706 710 723 733 744 752 764 770 770 774 777 780 786 785 789 794 817 834 847 842 836 831 828 823 828 847
927 917 909 905 905 903 905 914 927 945 952 953 963 972 980 987 993 1000 1004 1007 1024 1032 1053 1045 1048 1073 1093 1111 1127 1134 1132 1116 1105 1082 1066 1064 1068 1071 1066 1017 953 939 914 891 874 837 801 778 763 755 751 747 754 733 726 720 714 709 702 702 707 714 715 708 702 695 693 693 700 714 722 728 739 740 748 754 762 766 769 773 772 768 783 792 808 804 799 800 804 809 819 823 840
920 912 903 900 898 897 895 901 912 917 927 939 954 964 978 982 985 984 981 987 1000 1001 1022 1025 1035 1055 1083 1103 1116 1126 1122 1118 1086 1062 1051 1051 1059 1064 1062 1014 950 928 889 878 864 843 805 784 770 759 747 744 737 719 722 724 718 704 696 690 693 696 695 697 689 685 682 686 690 699 712 716 717 723 727 744 753 757 763 766 769 762 775 778 782 795 796 796 797 803 813 820 838
915 910 900 893 892 892 885 885 891 893 903 918 931 947 964 971 974 973 967 970 980 983 1000 1006 1020 1041 1073 1098 1108 1115 1118 1105 1069 1053 1045 1041 1049 1055 1053 1015 961 923 883 865 852 836 811 785 770 759 749 737 725 713 720 724 713 699 689 685 683 680 682 688 682 681 681 687 691 693 705 716 718 716 726 733 746 747 752 760 764 770 769 780 781 795 793 801 805 814 820 839 847
905 902 894 886 884 886 873 868 869 877 886 896 907 927 943 950 958 959 954 948 957 967 980 991 1007 1035 1064 1085 1101 1106 1110 1086 1068 1048 1035 1023 1038 1051 1050 1021 970 919 889 851 848 832 810 787 774 754 744 736 728 720 720 719 710 700 688 678 674 675 681 685 682 682 687 693 693 691 700 712 718 720 723 728 740 748 757 765 767 774 779 784 793 796 805 810 821 829 843 855 860
889 889 887 883 884 877 864 852 843 853 867 877 891 911 926 936 944 946 941 936 940 948 959 974 994 1022 1050 1069 1084 1087 1083 1076 1059 1036 1026 1016 1028 1038 1036 1018 997 926 879 844 839 816 799 783 766 749 739 737 733 725 717 712 704 692 681 672 669 670 678 685 687 688 692 696 697 695 699 710 720 726 728 732 746 758 767 775 781 787 796 800 801 804 812 826 835 850 855 858 866
871 877 881 882 884 869 854 836 826 831 853 866 883 899 917 932 939 935 931 928 928 932 942 956 977 1001 1023 1042 1053 1055 1049 1048 1041 1029 1021 1016 1022 1025 1024 1008 1017 920 868 842 824 804 787 770 755 747 740 741 733 725 708 696 691 684 678 675 671 671 680 684 691 692 695 699 700 700 701 708 722 732 732 740 755 768 779 789 795 800 808 813 808 809 819 832 851 859 875 886 895
852 866 867 870 875 863 840 827 820 820 837 856 876 890 909 925 933 931 926 915 910 908 924 937 954 977 990 1008 1023 1024 1024 1021 1025 1028 1017 1008 1012 1019 1016 1012 967 907 868 831 809 795 780 761 748 746 742 734 725 717 698 686 688 682 675 673 673 676 680 690 696 695 696 699 700 702 704 708 717 729 737 751 764 777 791 797 805 811 817 814 809 805 814 831 854 871 884 893 905
828 850 849 858 863 852 832 816 806 809 814 838 866 881 898 918 931 927 919 905 892 885 905 920 933 950 961 978 994 996 999 1006 1015 1016 1010 999 1000 1007 996 969 917 897 864 825 797 789 776 762 750 744 737 729 724 714 687 679 681 678 671 666 665 670 679 690 699 702 701 699 700 703 706 712 715 721 739 757 770 781 790 800 808 816 819 815 811 809 813 828 849 868 883 895 918
814 828 835 849 848 837 822 804 796 796 799 820 847 866 882 904 918 915 904 897 884 885 890 902 913 926 937 945 961 968 977 993 999 994 997 992 996 983 952 926 901 877 855 824 792 783 768 759 752 742 732 727 718 706 681 677 678 674 670 661 658 669 677 678 695 707 705 700 701 701 702 709 712 719 732 755 769 780 784 791 800 813 823 827 813 813 821 829 838 854 877 897 929
808 816 822 820 826 821 811 797 786 779 776 798 825 846 863 886 898 898 886 884 871 877 875 887 897 913 921 924 935 943 961 971 973 975 982 986 981 954 924 908 878 860 844 823 787 769 755 749 744 740 727 713 706 697 683 678 676 674 668 661 661 675 675 676 694 703 703 702 702 699 696 702 706 718 733 751 765 773 774 777 785 806 827 835 829 830 832 835 837 855 868 894 940
797 806 809 804 801 797 796 786 774 755 755 772 801 824 843 863 880 880 876 871 860 852 864 871 879 894 897 910 923 929 946 953 961 969 973 977 964 935 913 893 870 852 832 818 775 752 744 744 743 735 716 701 698 693 685 675 670 666 662 665 667 675 679 686 698 704 711 715 712 705 696 703 711 722 736 755 764 767 772 771 777 799 828 839 852 847 839 838 849 862 866 891 939
