interpolation/demsqian.txt
ncols         648
nrows         614
xllcorner     546418.0598
yllcorner     3077459.5144
cellsize      30
NODATA_value  -9999
[rows 287 to 327 of 614, columns 186 to 278 of 648]
479 492 504 514 524 536 548 573 589 602 610 624 640 658 673 686 702 713 701 697 685 677 670 657 651 663 684 702 714 721 726 732 729 729 731 729 731 735 735 728 722 724 727 731 726 714 702 699 702 698 699 707 704 700 711 715 720 710 689 674 665 662 657 656 652 653 665 676 687 700 703 702 696 696 699 698 711 729 742 755 762 764 777 795 796 790 772 757 767 789 807 825 831
492 506 519 529 537 552 572 590 603 615 624 636 650 672 689 700 712 713 712 694 683 678 660 647 644 654 678 696 707 719 722 724 726 726 713 721 727 726 729 716 713 714 711 699 689 684 682 688 677 678 683 693 695 694 703 714 706 694 673 657 661 651 654 650 651 650 652 657 669 678 693 698 694 693 694 694 709 726 736 736 730 724 743 770 773 768 749 741 742 760 789 799 814
495 511 524 540 553 566 585 600 610 624 637 652 666 680 696 710 720 718 710 697 689 675 650 635 631 640 662 684 697 710 715 726 723 711 698 701 708 707 697 695 696 699 695 676 668 668 672 674 674 656 655 674 680 685 696 699 691 678 659 647 652 656 660 657 653 641 639 650 663 667 677 690 689 665 671 681 696 713 730 730 710 704 714 730 741 741 725 711 709 733 768 780 784
504 517 535 552 563 577 594 608 620 633 642 657 677 686 701 713 717 715 713 702 690 662 640 629 624 627 650 672 690 704 715 711 700 687 683 689 690 684 683 671 668 661 654 650 647 648 659 665 661 640 643 644 658 663 675 688 677 657 647 643 650 657 663 656 648 642 641 643 656 664 666 666 657 649 655 667 674 693 705 705 703 702 707 714 714 712 703 691 699 712 738 755 761
514 527 539 556 570 583 601 607 620 628 641 649 666 679 686 702 712 712 703 701 679 654 632 617 616 623 634 655 678 697 698 701 690 680 677 670 660 666 670 652 642 642 635 626 628 626 630 634 622 615 612 619 636 646 647 644 644 638 633 632 635 643 650 643 626 616 617 626 638 648 647 640 634 637 641 650 653 660 674 682 689 687 693 702 700 693 685 680 684 696 718 732 734
517 528 536 555 568 576 593 605 610 621 631 639 645 665 676 690 701 700 699 686 661 646 622 608 606 614 621 639 661 674 682 682 675 667 657 643 629 624 626 620 618 615 616 609 605 603 607 610 604 600 602 608 615 613 620 624 617 608 606 612 623 631 637 625 611 609 607 604 607 604 611 611 607 606 622 625 625 638 647 658 667 669 672 684 683 673 671 667 665 667 689 700 694
506 516 532 539 554 566 577 584 587 591 601 621 638 653 666 678 692 691 686 664 655 635 616 602 596 599 610 628 649 656 663 656 651 648 636 613 604 604 606 602 584 584 588 586 583 581 590 593 588 588 592 589 593 595 593 593 591 587 584 582 594 611 613 614 602 597 593 586 578 587 596 595 595 594 588 592 600 620 629 641 643 652 653 655 660 655 651 649 639 636 658 658 655
495 502 503 517 530 543 556 560 564 562 572 602 624 635 655 669 676 674 667 651 642 626 611 597 592 595 603 620 638 638 631 626 631 629 622 604 582 574 582 584 563 569 582 576 569 571 577 581 577 568 566 563 563 565 577 584 574 566 563 563 577 596 601 593 585 583 581 581 576 577 585 592 593 591 581 583 584 601 624 627 625 630 636 641 639 632 631 632 634 639 641 658 660
486 493 489 497 508 519 530 538 543 547 556 581 607 629 640 661 667 664 653 635 629 619 605 591 581 582 593 610 624 626 618 614 601 600 599 580 565 560 559 555 554 553 553 557 554 560 552 543 547 549 550 549 550 553 558 563 559 554 551 549 548 576 575 569 566 570 575 575 580 586 594 607 605 590 580 583 589 598 621 623 630 629 631 634 637 635 630 635 640 646 650 658 661
458 460 464 477 492 505 513 519 527 537 549 573 599 617 629 632 630 631 627 609 612 607 589 570 558 567 579 595 613 619 613 604 595 585 566 550 539 527 520 531 537 529 530 531 531 530 528 526 531 539 543 537 535 540 546 547 552 550 547 545 545 538 545 558 563 566 571 583 591 598 604 610 609 597 587 592 603 618 620 633 627 624 628 634 642 640 638 642 648 653 660 664 671
421 421 430 452 472 490 499 510 519 529 543 568 587 601 610 610 616 603 597 589 591 585 568 549 537 545 563 586 606 610 609 601 587 565 542 523 505 505 506 512 521 512 513 518 517 518 515 523 530 531 529 527 525 529 529 531 542 545 546 547 544 539 542 549 558 564 570 576 592 608 626 632 621 608 608 617 624 635 642 649 651 649 648 648 650 656 654 657 667 673 675 680 689
411 412 416 428 443 463 477 490 508 520 533 563 576 583 587 590 595 576 562 557 570 568 554 540 530 529 546 576 595 607 605 594 582 534 523 505 501 499 500 506 511 514 514 516 517 520 520 521 528 533 532 527 522 525 526 529 533 541 541 545 543 544 552 558 567 573 575 579 597 620 641 645 639 632 634 642 654 668 681 679 673 677 676 673 667 668 681 688 691 689 686 691 702
408 408 411 415 421 436 456 473 490 506 532 549 566 565 570 579 566 548 537 532 551 553 547 534 522 524 541 567 584 595 596 588 560 525 508 495 492 492 496 504 517 520 515 512 515 524 527 526 535 551 554 542 532 533 536 538 536 541 540 541 542 551 561 567 572 576 583 590 608 634 645 660 653 647 646 652 667 678 699 711 705 707 705 701 701 705 711 721 726 718 706 703 712
408 405 407 409 411 420 434 455 473 489 515 536 545 544 555 553 537 522 514 513 522 538 537 520 506 511 533 554 572 590 586 573 541 511 490 485 487 490 497 508 523 532 525 521 526 531 538 546 559 569 566 558 552 551 547 554 552 549 547 546 548 576 572 573 577 586 596 610 628 643 658 670 673 673 670 667 679 698 713 719 725 729 731 723 723 730 736 742 749 749 742 735 733
426 416 411 407 406 409 415 433 458 476 493 512 515 515 520 517 509 500 500 500 497 504 508 498 492 498 512 534 557 569 569 553 537 509 481 481 488 496 505 518 541 545 540 546 551 554 561 571 575 575 572 574 573 573 578 582 569 556 568 575 577 591 596 592 591 595 613 630 641 650 665 679 695 699 703 694 692 700 708 722 733 737 745 741 748 762 770 771 772 776 774 762 750
450 431 421 414 409 405 405 413 436 460 481 484 487 485 484 484 480 475 474 473 478 476 485 481 484 489 498 521 542 555 553 535 518 496 482 485 497 509 521 534 557 566 568 575 578 582 583 585 585 582 587 598 603 609 614 607 591 580 580 583 591 604 610 612 617 622 637 652 656 666 680 696 711 720 723 708 706 712 726 729 733 739 754 758 780 787 797 806 809 806 799 777 760
469 446 429 422 420 413 409 410 424 448 466 468 468 464 458 459 461 463 463 462 468 472 477 474 480 481 495 514 524 531 524 517 499 492 487 492 504 518 537 554 577 590 592 591 596 602 602 601 605 615 618 624 630 635 640 631 612 605 593 593 598 609 617 626 633 641 652 664 670 680 694 716 728 738 735 722 720 724 740 745 750 759 775 789 803 819 830 835 832 828 813 790 783
484 461 440 431 428 422 416 416 424 442 451 459 457 450 447 451 457 466 469 468 469 468 469 473 481 478 493 506 512 508 495 498 494 490 493 497 510 532 553 571 591 613 614 610 615 622 622 620 625 637 640 645 647 650 654 647 634 627 615 607 605 623 628 640 650 663 677 695 701 706 721 738 751 763 760 752 749 758 766 768 771 781 793 809 825 834 855 862 866 862 847 828 820
493 471 454 442 430 424 418 416 424 440 451 454 448 441 443 452 462 474 481 479 479 470 467 471 478 481 491 497 496 492 493 492 494 495 497 505 527 544 564 585 606 630 634 632 631 638 638 637 639 648 659 664 664 663 665 662 655 647 635 622 622 633 647 665 676 691 711 732 736 735 746 761 782 799 797 791 791 798 802 804 801 806 819 835 856 860 879 901 911 903 887 870 854
491 471 458 440 432 426 421 418 429 448 455 452 443 441 450 460 472 491 504 510 495 484 481 476 476 482 487 488 481 486 490 496 492 502 504 520 539 555 578 597 621 642 650 651 654 657 657 654 661 676 678 688 692 694 695 691 677 664 651 645 656 666 687 692 698 713 734 749 754 754 761 779 798 813 826 820 827 835 837 831 831 841 851 862 880 895 917 941 947 937 912 894 878
481 465 446 429 430 424 424 425 436 457 457 454 446 447 459 472 487 511 523 528 513 501 498 492 487 480 482 482 480 486 488 496 502 506 521 539 556 571 588 607 630 648 658 667 674 675 673 675 688 697 705 710 724 727 730 726 705 686 674 678 691 702 718 721 726 736 755 771 779 778 784 798 806 823 836 842 848 854 854 850 860 870 883 896 912 928 948 958 962 959 941 928 910
466 449 432 427 430 426 430 435 443 460 463 459 451 450 460 480 502 523 531 534 532 523 517 510 508 490 484 489 498 496 504 508 516 525 544 560 576 587 596 619 641 657 670 677 688 694 691 692 700 705 718 727 738 742 745 746 738 720 709 713 724 731 742 747 750 760 776 789 799 805 807 818 825 838 848 853 861 869 877 883 891 898 915 928 946 952 955 966 973 973 967 960 947
457 433 429 430 437 433 436 444 455 464 470 463 451 445 458 477 499 520 535 542 541 542 537 529 523 515 504 507 520 526 529 538 540 553 560 574 586 597 604 631 656 668 675 687 695 701 700 700 702 708 718 731 736 743 749 756 753 740 734 739 747 755 766 769 772 776 785 795 806 816 824 827 838 848 853 858 866 876 886 899 907 922 934 954 961 965 970 980 988 982 971 971 964
447 434 430 438 446 443 446 456 467 473 473 459 447 443 447 458 483 505 526 535 548 551 551 547 532 533 527 526 535 548 554 562 565 572 577 588 592 600 616 641 666 677 687 697 697 698 699 700 703 706 713 727 733 746 755 760 755 750 751 758 764 770 778 777 779 781 787 800 810 819 825 831 833 845 851 859 864 873 884 901 914 933 941 961 968 977 983 994 1001 993 979 976 975
442 435 430 444 452 458 464 471 476 471 464 450 443 438 436 443 458 479 504 526 550 552 557 552 544 538 538 543 548 555 564 569 569 581 592 599 602 616 634 653 678 687 706 710 709 710 705 703 706 709 717 728 736 752 759 757 754 755 758 764 770 773 778 778 778 778 783 794 809 815 813 818 820 832 843 851 856 863 873 892 909 926 943 959 972 985 990 1000 999 995 990 988 990
438 435 434 448 456 466 475 477 477 458 442 441 439 433 432 435 442 459 487 515 534 549 552 551 545 539 538 541 545 551 561 567 575 589 596 605 616 632 642 660 691 702 717 726 728 724 717 711 709 713 724 732 742 755 761 750 746 747 749 754 760 765 771 771 766 760 761 773 791 795 793 795 803 812 824 835 845 851 858 872 893 909 927 944 962 977 990 999 1000 996 993 993 994
443 437 438 450 452 468 476 478 460 443 434 436 434 433 432 431 436 449 478 504 524 537 546 548 541 531 524 527 532 538 548 558 571 586 599 615 628 635 651 672 695 717 728 736 738 731 722 713 709 716 728 743 745 747 748 736 725 730 735 742 749 758 762 757 746 739 738 750 762 768 768 770 779 790 802 813 827 834 842 857 874 891 901 921 948 969 979 990 998 994 989 992 995
451 441 444 454 452 459 462 457 441 436 432 431 431 432 432 430 435 447 468 492 506 520 528 530 527 516 510 515 521 527 532 541 555 570 592 616 628 640 658 681 702 719 736 744 747 746 732 716 717 726 736 748 746 735 728 717 709 714 725 736 745 755 754 746 731 727 730 737 742 748 749 750 759 775 789 792 800 812 823 842 858 874 889 910 936 966 969 978 984 983 980 983 987
460 448 454 448 440 445 440 432 434 433 430 430 431 433 435 437 443 451 462 481 494 507 515 518 512 502 502 508 514 518 526 535 545 554 574 603 617 635 655 682 708 723 736 748 752 752 748 733 731 736 742 744 739 728 716 706 704 709 718 728 736 740 737 722 712 712 719 728 733 737 736 738 749 764 775 776 783 795 809 828 845 861 878 906 929 952 964 969 975 972 969 968 967
467 456 446 441 440 440 435 432 432 433 429 437 440 444 442 448 451 457 463 474 486 498 504 503 494 488 490 499 508 508 516 528 540 549 567 589 605 620 646 675 696 718 731 745 752 753 756 751 743 741 739 735 723 717 700 690 691 700 707 716 722 713 704 690 689 686 696 711 721 724 726 732 741 746 757 757 771 784 797 815 830 847 872 905 919 938 958 964 964 958 955 953 949
473 462 452 441 440 442 436 435 435 441 439 443 452 453 456 454 455 464 466 474 481 489 487 478 466 466 471 480 491 496 502 518 531 543 557 582 595 606 628 650 673 700 716 735 748 753 756 755 747 736 726 714 713 703 689 678 674 681 690 692 700 694 682 680 671 669 677 692 704 711 716 722 728 726 741 739 758 773 788 806 823 842 871 896 911 929 945 950 944 935 934 935 936
482 473 464 450 443 445 447 445 458 464 468 473 474 459 449 455 461 466 467 469 466 457 449 447 446 446 455 468 481 491 499 514 529 544 563 580 589 602 621 639 655 670 706 727 751 756 758 759 745 724 713 706 703 693 682 672 658 661 669 671 676 682 686 682 673 664 666 673 684 697 703 708 713 716 729 737 751 768 785 800 820 844 872 892 914 928 938 935 923 915 911 912 921
494 486 478 470 462 462 465 468 471 488 487 486 477 465 448 454 457 458 458 456 449 443 447 436 437 438 442 454 472 488 498 513 532 549 567 584 594 603 621 640 650 669 699 719 742 753 757 755 736 713 702 698 694 686 670 655 644 648 653 656 665 671 684 684 679 660 659 661 673 686 690 695 702 710 722 737 752 770 786 801 820 848 876 899 922 933 936 932 916 910 900 898 912
506 495 500 492 486 484 485 491 500 512 516 496 486 474 460 451 448 444 445 441 440 441 440 436 433 437 442 451 465 483 495 511 529 546 564 584 598 607 625 640 653 674 697 714 730 745 748 743 722 702 696 691 684 674 657 643 628 629 639 644 655 664 678 685 672 655 649 650 663 677 682 687 694 705 717 731 748 763 782 804 827 853 880 902 925 929 931 926 910 900 892 890 902
520 519 526 523 525 520 519 524 520 519 520 513 490 480 470 455 446 441 437 438 442 445 448 441 436 442 448 453 465 476 485 509 517 533 551 571 586 595 618 641 651 678 698 722 734 740 740 731 710 691 683 678 664 654 641 634 628 623 628 641 650 660 673 676 661 649 642 637 647 666 675 680 688 697 708 721 740 756 772 799 829 855 883 904 923 927 924 910 896 881 877 878 882
541 541 550 549 555 550 547 554 558 543 527 518 499 488 477 464 455 443 438 440 450 455 462 459 452 449 443 448 460 469 477 489 506 523 541 558 574 590 607 621 638 680 702 728 744 742 739 732 711 684 672 664 659 641 632 627 620 622 623 633 645 652 665 665 654 651 641 628 632 646 659 668 678 689 702 717 737 755 767 793 829 853 874 891 914 921 915 896 880 867 858 858 852
552 555 564 564 568 568 571 571 563 559 539 521 501 490 481 476 462 452 448 450 457 472 479 475 463 450 447 445 457 469 477 488 503 519 535 553 573 590 604 619 636 668 707 732 750 743 740 733 710 685 668 659 652 644 632 620 618 619 620 622 630 641 646 648 658 652 641 626 619 629 645 654 664 681 696 709 733 753 769 790 824 839 858 869 893 903 899 885 873 860 850 840 833
561 562 583 580 587 587 582 574 568 558 539 530 508 494 488 478 467 458 457 469 476 475 494 494 474 450 445 446 459 470 479 489 501 516 538 555 571 591 607 627 640 666 704 729 745 746 742 724 710 689 671 662 656 643 628 616 608 611 615 614 625 633 643 649 651 649 629 621 609 616 632 645 656 667 679 689 722 743 761 786 804 823 838 854 873 874 876 874 868 847 840 828 824
576 580 615 616 602 599 584 570 563 554 538 529 519 502 490 482 474 470 474 478 481 491 503 497 487 461 450 449 464 480 486 493 501 514 534 557 576 590 603 617 638 671 703 732 739 740 733 721 706 687 676 666 653 634 619 610 598 596 610 613 623 628 640 648 648 628 620 617 608 603 615 631 649 654 665 682 716 737 758 779 796 808 813 829 846 855 857 859 852 834 825 817 813
607 617 623 624 617 602 593 578 571 560 542 536 528 515 506 492 484 484 482 482 489 500 509 502 494 468 451 452 464 483 487 494 509 524 542 560 576 590 609 622 640 671 703 729 738 733 723 715 701 681 672 655 645 625 612 603 590 590 602 614 626 634 645 644 637 618 615 614 605 597 603 621 640 654 664 678 708 732 756 769 787 792 793 802 813 823 834 840 835 828 816 807 800
643 635 639 648 644 627 608 588 582 566 566 543 536 525 520 517 517 507 501 506 516 518 519 509 492 477 464 452 458 479 485 495 525 537 543 559 578 596 611 628 650 676 697 721 732 727 719 705 692 675 663 640 631 619 605 594 591 595 603 616 632 644 644 646 629 618 619 620 608 597 596 610 635 649 663 681 697 723 746 757 765 774 780 783 789 800 817 822 825 821 810 798 790
